NAME	CLL	Tcells	Bcells	NKcells	Monocytes.Macrophages
A1BG	1	1	78.053256585849	58.436277509414	1
AAED1	1	1	97.1838779342285	1	1
AAK1	1	206.935250454421	1	1	176.739066696204
ABCA6	134.178281389308	1	98.0554208746575	1	1
ABCF1	1	1	1	1	93.706278175151
ABHD14B	1	1	69.2617963158801	1	1
ABHD17A	1	156.704325174434	1	1	435.377926103941
ABHD2	1	1	1	81.8321851505875	1
ABI1	93.6557917151012	1	1	1	1
ABI3	1	1	1	93.1928545011111	171.685703337287
AC006129.2	101.360233429572	1	1	1	1
AC079767.4	1	1	77.0455512177127	1	1
AC092580.4	1	433.455678364964	1	1	414.153878060375
ACADM	98.000856822143	1	96.9073294282907	1	1
ACAP2	1	1	1	120.873574986663	1
ACAT1	1	76.1788442840547	1	1	1
ACYP2	1	1	73.5229273935761	1	1
ADA	1	1	1	1	55.3576161628025
ADAM28	121.68835088013	1	121.087072716478	1	1
ADAMTS6	85.4916309681547	1	94.9915910452583	1	1
ADD3	1	1	1	1	133.985146695626
ADGRG1	1	1	1	1	209.19341730097
ADH5	1	1	1	1	100.581085492063
ADI1	1	1	1	81.4594928256189	1
ADK	1	1	93.7945697921313	1	1
ADTRP	1	1	134.400568550135	1	1
AFF3	85.6089717015262	1	109.79397155672	1	1
AFF4	1	1	79.0838757874129	1	1
AGTRAP	1	1	1	237.51053482381	1
AHR	1	1	1	81.4392807452667	1
AIF1	1	1	1	2417.41438273567	1
AIM2	100.434488494898	1	1	1	1
AKAP8L	1	1	76.9984709930588	1	1
AKNA	1	86.9042600831119	1	1	1
AKR1B1	1	1	1	1	86.149320406827
AKR1C3	1	1	1	1	123.532204426101
AL928768.3	115.693685957171	1	1	1	1
ALDH2	1	1	1	95.9629329928855	1
ALG13	1	1	102.887328552227	1	1
ALOX5	1	1	1	79.0250736778249	1
ANKRD10	1	1	1	1	75.6545512654918
ANKRD49	1	1	82.1723274405284	1	74.1773246989055
ANP32E	93.3566826046865	1	121.051367976811	1	1
ANXA2R	1	73.0276980981362	1	1	1
ANXA6	1	136.145568701234	1	1	122.229387659149
ANXA7	1	1	1	81.1381575424309	1
AOAH	1	1	1	93.7902797542437	122.728336632752
AP1S2	1	1	1	923.384495276318	1
APBB1IP	1	82.849375099496	1	90.097639041055	1
APEX1	125.863745756697	1	104.629749903449	59.9997955498692	1
APH1A	1	1	86.3136134446528	74.0312778605115	1
APMAP	1	1	1	1	236.99410078266
APOA1BP	1	1	1	1	68.4185322793871
APOBEC3A	1	1	1	241.258187223244	1
APOL6	1	1	1	133.088617149349	73.1872554167439
ARFGAP2	1	1	1	1	99.9241288236249
ARHGAP15	104.4319495621	139.113180966606	1	1	70.2579743434117
ARHGAP24	408.692804137528	1	273.815419873374	1	1
ARHGAP25	1	1	80.7628447671298	1	1
ARHGEF1	1	1	1	1	79.5200174358158
ARID1A	1	1	1	73.337520452464	70.0752934959489
ARID5B	160.389190482517	1	275.480601399502	1	105.334143888614
ARL4A	1	1	91.1149692036252	1	1
ARL4C	1	246.289096960782	1	1	398.041801271064
ARPC5L	1	149.732237997206	1	1	234.121650643479
ASAH1	1	1	76.5547969294145	303.48627574099	1
ASCC2	1	1	1	1	63.4991891714189
ASCL2	1	1	1	88.1563332004366	127.115779590766
ASGR1	1	1	1	197.195298443184	1
ASNA1	1	1	1	65.5099631487295	99.2017402899898
ATF5	1	1	1	84.737396489774	1
ATF7IP2	1	1	107.2458296144	1	1
ATG3	1	1	1	217.296341941523	1
ATP2B1	79.8705029222582	1	1	56.1100893911338	1
ATP5S	1	1	1	1	97.9103394231364
ATP6AP2	1	1	1	134.748654504112	104.985401271734
ATP6V0D1	1	1	1	120.309057852632	67.0268672682381
ATP6V1B2	1	1	1	125.991275523807	1
AUP1	86.0386283540888	1	108.450541533242	1	1
B4GALT1	1	1	111.06952533081	70.9764050286014	1
BATF	1	86.4224512325906	1	1	80.7461793645701
BBC3	1	1	96.0405346650968	1	1
BBX	1	1	78.9944141942874	1	73.3457763250521
BCAS2	1	81.0018861277453	113.28801393961	1	102.190017510791
BCAS4	150.718672590755	1	202.025061776755	1	1
BCL11A	97.7427221366004	1	84.0006655980801	1	1
BCL11B	1	74.0781595354876	1	1	1
BCL2	122.140636082733	1	480.56164336065	1	1
BCL2A1	1	1	1	143.992669943229	1
BCL7A	99.062609452611	1	1	1	1
BCL7C	1	107.620362560448	1	58.8673642357425	161.111884005459
BID	1	1	1	145.832771001903	1
BIN1	1	132.225778653695	1	1	89.397925539963
BIN2	1	211.833586902213	1	74.0005205531269	339.026765602183
BIRC2	1	1	129.474080343793	65.7004481917331	1
BIRC3	147.228420068157	1	137.839111398842	1	1
BLK	100.739111314055	1	124.754660905637	1	1
BLNK	163.150265815559	1	122.649414550378	1	1
BLOC1S2	107.980646193046	1	148.995251896756	127.932420644867	1
BLOC1S4	1	1	1	1	88.7083087366399
BLVRA	1	1	1	116.222530309242	1
BLVRB	1	1	1	271.410641855083	1
BNIP2	1	1	81.5961471829844	116.197787259921	1
BPTF	110.124169596959	1	108.560817408322	1	68.3643786567193
BRD2	1	1	1	102.724920693975	121.441586018814
BRD7	1	1	75.3180522258842	1	1
BRI3	1	70.0949865347497	94.4870920015545	921.881458990089	1
BST1	1	1	1	98.5810960763568	1
BTK	83.1966478695574	1	1	1	1
BTN3A2	1	125.136435397816	1	62.577248840732	200.502223637755
BUB3	1	95.7624668323145	1	1	158.250848979022
C10orf54	1	1	1	263.047416278913	1
C12orf49	1	1	84.9504084187507	1	1
C12orf75	1	253.91898017658	1	1	385.098187489469
C14orf1	1	1	1	1	54.5135323357235
C14orf119	88.1773136609172	1	1	58.8995695444138	119.518763389603
C15orf39	1	1	1	95.0967182991679	1
C15orf40	81.4630102564799	1	73.7702929875141	1	1
C16orf54	1	139.854411227225	1	75.8253378611572	128.322017129662
C16orf74	223.374969383322	1	270.038355535047	1	1
C18orf32	1	1	1	78.5267177649476	62.8758460149042
C19orf38	1	1	1	159.082413448094	1
C1orf122	1	1	98.3325113424629	1	95.8718415954181
C20orf27	1	1	1	128.349414160614	1
C5orf56	1	180.415470684224	1	1	263.271089422242
C6orf62	1	1	1	117.854490941055	1
C7orf55	115.254372864802	1	100.875097113741	1	1
C8orf33	1	1	82.7796963455964	1	1
C9orf142	1	194.705162913932	1	86.3535413133305	221.232097725737
C9orf72	1	1	1	100.810183579461	1
CALCOCO2	1	1	1	82.9139140238072	1
CANX	1	1	1	113.664188367625	1
CAPNS1	1	1	1	160.373179281336	141.874617944082
CARD19	1	1	1	90.6603199906732	1
CARHSP1	1	1	1	1	89.417990256703
CBFB	1	1	1	1	66.5256358140306
CCDC115	1	1	1	1	59.9024395399585
CCDC167	1	134.590076805134	1	1	1
CCDC191	202.066351605208	1	245.520683176992	1	1
CCDC25	1	1	1	1	77.3183834208632
CCDC53	1	1	1	1	111.693360562625
CCDC59	1	89.4186824967057	177.21033952731	104.326534019452	1
CCDC69	1	1	80.0064403414441	48.1933097485855	84.9997679776349
CCDC88A	164.098998840295	1	147.153364264571	1	1
CCDC88C	1	81.6895613335493	1	1	1
CCDC90B	83.7747416863135	1	1	1	1
CCL3	1	1	1	180.609771211817	242.544944664336
CCL4	1	310.657819098	1	1	993.831974080073
CCL4L2	1	1	1	1	98.174311771199
CCL5	1	3084.2327921518	1	1	3397.16004333513
CCM2	102.633316809146	1	96.2671005934282	1	1
CCNY	1	1	1	102.76103340812	1
CCR1	1	1	1	73.6902743786879	1
CCR7	162.086026343027	1	118.339638307559	1	1
CCT3	120.919277341604	71.4910106234986	102.354704616284	1	1
CCT7	1	84.0869174049947	80.9618779777364	1	1
CD14	1	1	1	505.459425294847	1
CD160	1	101.247193429454	1	1	158.754032545118
CD19	153.118435541452	1	132.35330355536	1	1
CD1D	1	1	1	130.050699189529	1
CD2	1	494.277149205128	1	1	236.654996116454
CD24	566.55385186289	1	470.171347389885	1	1
CD247	1	143.112510678146	1	1	458.835467885102
CD27	274.64088435837	136.142213322299	289.217422441358	1	1
CD300A	1	1	1	90.2411477687669	125.576726894778
CD302	1	1	1	135.753058690385	1
CD320	1	1	1	1	97.5480831762532
CD33	1	1	1	82.9359992620472	1
CD36	1	1	1	250.984204912477	1
CD3D	1	1156.86896216383	1	1	1
CD3E	1	528.165244084251	1	1	214.48366993478
CD3G	1	358.800701778677	1	1	1
CD4	1	1	1	144.772334814583	1
CD40	1	1	84.9038855865189	1	1
CD55	1	1	84.1620273784897	105.03134331907	1
CD68	1	1	1	235.062335443524	1
CD69	122.031522132283	184.866707940451	1009.70626657048	1	127.52074482734
CD7	1	162.58393605508	1	1	485.933907543373
CD72	146.390313870709	1	74.6286128279433	1	1
CD79A	916.93016733767	1	993.994069819114	1	61.3145850727021
CD79B	1073.93701345299	1	1053.5580215155	60.9639685799799	159.342985581685
CD83	1	1	177.810948454529	1	1
CD8A	1	262.855747113392	1	1	1
CD8B	1	586.364150309573	1	1	1
CD9	1	1	136.882175873102	1	1
CD93	1	1	1	106.004453605351	1
CDA	1	1	1	148.364915108404	1
CDC123	79.9330591772319	1	69.3728979012096	1	1
CDC26	1	85.1572473076568	1	76.1241047083342	1
CDC42EP3	1	1	1	126.305788673062	1
CDK2AP2	1	104.54009285028	1	93.2316473700659	236.393414838904
CEBPD	1	1	1	305.787502803764	139.398929323194
CECR1	1	1	1	229.41981165862	1
CFD	1	1	1	395.588309725842	1
CFDP1	1	1	89.9751216831836	1	1
CFP	1	1	1	269.182724801076	1
CH17-189H20.1	1	98.811258672399	1	1	131.498831751172
CHCHD1	85.0357275960441	1	1	1	1
CHCHD5	1	1	1	107.142704088339	1
CHD2	1	1	78.4650372665875	1	47.2091573312776
CHMP1B	1	1	143.869210800914	75.3966946313128	1
CHMP3	1	1	1	89.5264110990511	1
CHP1	1	1	1	140.552744016222	1
CHPT1	146.410238407612	1	186.809578616303	74.8181564026144	1
CHRAC1	1	1	101.028687534762	1	1
CHST12	1	98.5135460942673	1	1	230.122443136214
CISD1	1	1	1	1	86.2167382271441
CISD3	1	88.9139701819553	1	87.7032490381339	114.453940419789
CITED2	1	76.5682065308272	1	72.8298843472707	1
CLEC12A	1	1	1	318.026392273528	1
CLEC2B	1	307.443976591297	1	146.215064955987	390.278420194877
CLEC4A	1	1	1	154.777265961244	1
CLEC7A	1	1	1	404.828597728206	1
CLECL1	1	1	89.710653887426	1	1
CLIC3	1	90.5113414655748	1	1	547.005954271488
CLNK	120.775174106527	1	126.720684210788	1	1
CLPP	1	79.1370854976586	1	1	1
CMC1	1	321.594114775636	1	1	963.208350227977
CMIP	1	1	1	94.7768811183476	1
CMTM3	1	1	1	97.451354755819	1
CMTM6	1	1	1	250.629348095038	1
CMTM7	1	1	1	88.6063821619927	1
CNIH4	1	1	1	135.703299108436	1
CNOT1	1	1	192.438472674771	67.6612027758177	100.237300859787
COA3	77.6880154355424	1	1	70.1027555878671	1
COCH	1	1	89.0712900713275	1	1
COIL	1	1	74.4506556504118	1	1
COL9A3	88.0256180798708	1	78.4845188316752	1	1
COMMD1	1	80.2129718711192	1	1	69.5758861722682
COMMD2	1	1	90.4718513074835	1	1
COMMD3	83.4667336183963	1	1	60.7670895866525	1
COMMD7	1	73.1036529330181	1	1	100.905405505345
COMMD8	1	1	1	40.6052085504808	112.81353995692
COPS8	1	1	1	1	85.8570236171878
CPNE1	1	1	1	1	117.112356026042
CPPED1	1	1	1	136.242092480087	1
CPVL	1	1	1	298.872599660248	1
CRBN	1	84.867636139527	1	46.9469950496179	98.9960334422913
CREBRF	1	1	1	93.2935371483786	107.099731142331
CREG1	1	1	1	75.6205157812932	1
CREM	1	1	1	1	122.327278977046
CRTAP	1	1	1	76.612175746188	1
CSF1R	1	1	1	88.2020254680692	1
CSF3R	1	1	1	118.30988416841	1
CSNK1A1	1	63.7304210361957	1	93.699266203414	1
CSNK1E	1	1	80.7537138770516	1	1
CST3	1	1	1	2859.72487832665	1
CST7	1	821.311920444468	1	1	1896.40961415248
CSTA	1	1	1	1295.79147667647	1
CTBP1	1	1	1	1	86.8682445203325
CTBP2	1	1	1	55.9432446045123	98.1447082091865
CTLA4	1	1	81.0143002400682	1	1
CTNNB1	1	1	81.6264355636265	132.500237045614	1
CTSA	1	1	1	92.3885595364258	1
CTSB	1	1	1	221.382882297536	1
CTSC	1	180.034912324118	1	157.458695299614	294.062820467842
CTSD	1	1	1	327.287353879152	128.296858291847
CTSH	252.934773897468	1	381.876450565071	155.961756550945	1
CTSW	1	542.218334548209	1	1	1146.37784533059
CUX1	1	1	1	91.9629037908944	1
CWF19L2	1	1	80.8535031769298	1	1
CX3CR1	1	1	1	69.6247233229886	226.255587736719
CXCL8	1	1	1	120.817305946598	1
CXCR4	507.577173864641	454.085804714854	3166.60452359433	72.4493634476804	392.97578401756
CXXC5	242.092015359906	1	211.666192590069	1	124.386123804839
CYB561A3	213.855373603295	1	229.917501737719	1	1
CYB5B	1	1	1	1	61.447066833289
CYB5R3	1	1	82.8000788125504	1	1
CYB5R4	1	1	1	72.9311586874572	1
CYBB	1	1	1	436.175620414099	1
DAPP1	1	1	1	69.5397908446007	1
DCTN2	1	1	1	1	93.0262548657401
DDIT3	1	1	126.005478136168	1	1
DDIT4	1	83.8426456247152	1	1	200.494599413356
DDX21	1	1	134.087319149873	145.995102976355	1
DDX27	1	1	90.8111503281592	1	1
DDX39A	88.9798383084755	1	86.9343130876642	1	1
DDX3X	1	1	1	120.517945449306	103.36124242631
DENND2D	1	74.3681664525283	1	1	101.160711885697
DENR	1	1	86.4045659116461	1	1
DHRS4L2	1	1	1	83.0413919341863	1
DHRS7	1	125.636416966093	1	73.1760449958623	303.873447049175
DMXL2	1	1	1	81.2723096077912	1
DNAJB1	1	92.8191513377733	1	1	1
DNPH1	77.3350818366482	1	93.4438562465201	1	1
DOCK2	1	1	1	106.811332430849	1
DOK2	1	157.333782957584	1	86.4117708302366	183.079964134198
DPEP2	1	1	83.1609062587309	1	1
DPYD	1	1	1	91.7372930380778	1
DPYSL2	1	1	1	141.234632163451	1
DSTN	1	197.004414177254	1	50.8630719046136	313.416284103288
DTNBP1	104.777058914562	1	101.338425603419	1	1
DUSP2	1	227.436906744066	1	1	135.509025384029
DUSP23	1	1	1	119.288440136371	1
DUSP6	1	1	1	400.861350200433	1
E2F5	86.0465614449375	1	1	1	1
ECI1	76.9996474625883	1	86.5742202158247	1	1
EFHD2	1	189.189848995808	1	412.746954538056	619.149426392037
EGR1	1	1	1	121.284968628175	1
EHBP1L1	1	1	1	106.314349115482	1
EHMT1	1	1	80.6464208922777	1	1
EIF3A	1	1	1	126.420845008833	1
EIF4A3	81.1552400956719	1	1	1	1
EIF4E2	1	1	1	89.3041893525563	1
EIF4EBP1	1	1	1	111.364182939624	1
EIF4EBP2	1	1	1	115.333455410767	53.8249841853328
EIF4H	1	1	85.3435148775779	82.4585646629468	1
ELOF1	95.4286602705615	1	75.9545199266083	66.6179718283357	1
ELOVL5	1	1	81.9712213055522	78.844936065355	1
EMB	1	93.050358352155	1	1	1
EMC10	86.9387287590245	1	94.7988171188918	1	1
EMC7	1	1	85.3320669537184	1	1
EML4	1	118.141143465007	85.3387259265864	1	1
EPB41L4A-AS1	1	1	76.6691356335954	1	1
EPSTI1	1	1	1	99.2241152389063	1
ERP44	1	1	1	74.8910970172163	102.774032083884
ERV3-1	103.133885275763	1	79.0670972721976	1	1
ETHE1	1	1	1	91.8926678887794	94.9557908858643
ETS1	1	108.683214914746	88.3467819497565	1	201.292231386853
EWSR1	1	77.8113923747101	1	80.9662562754028	1
EXOG	1	1	79.9023299107613	1	1
EXOSC6	1	1	113.255206687669	1	1
EXOSC8	1	1	73.9807082085779	1	59.6978320940423
FABP5	1	87.5908337471954	85.8833883580644	1	1
FAM103A1	1	1	95.8441435096491	1	73.5446325096227
FAM105A	1	1	1	84.3162612060424	1
FAM162A	1	73.3449054373843	1	1	1
FAM177A1	1	1	72.2465873944946	1	1
FAM195B	1	1	105.747938937846	58.370913594575	59.4689667615533
FAM200B	1	1	1	110.857629002893	1
FAM204A	1	1	76.0985838176579	46.1148517014303	88.3364697347025
FAM215B	86.1492037859842	1	77.2215757356807	1	1
FAM26F	89.8327021328541	1	1	387.10608866777	1
FAM32A	1	1	1	1	101.66003094948
FAM45A	1	1	1	162.608159035397	1
FAM49A	1	1	1	99.5941992611342	1
FAM60A	1	1	117.988717878139	1	1
FAM89B	1	77.8780307884146	1	67.5337804523104	1
FBXL5	1	1	1	126.470346830965	1
FBXO7	1	1	1	1	89.5600435990376
FBXW5	1	1	1	1	131.532640968641
FCER1G	1	1	1	2331.12999657058	986.592560472933
FCER2	417.929703986124	1	476.634203840799	1	1
FCGR1A	1	1	1	148.4595103345	1
FCGR1B	1	1	1	100.590978294114	1
FCGR2A	1	1	1	181.644026806098	1
FCGR2B	156.86912385472	1	131.09199234427	1	1
FCGR3A	1	1	1	209.210976390895	650.099015527473
FCGRT	1	1	1	224.201370180697	1
FCN1	1	1	1	1768.21863593942	1
FCRL6	1	85.7694423116977	1	1	204.217663972077
FCRLA	304.807192347019	1	262.770801240004	1	1
FDFT1	83.8796090688725	1	77.2917640403824	1	1
FDPS	1	1	87.9424721020718	1	108.283878248571
FDX1	1	72.5676497037611	83.4520393660551	1	1
FGD2	1	1	1	84.2654812945856	1
FGFBP2	1	311.236850883231	1	1	1266.96830827623
FGL2	1	1	1	1063.54711384324	1
FGR	1	1	1	355.641595753834	151.86847904611
FKBP11	1	102.355408944584	1	1	177.031929632678
FKBP3	144.775265307668	80.4824456192481	116.728131622988	1	1
FLT3LG	1	78.7780170691391	1	1	1
FNIP1	1	1	108.739428375478	1	1
FOS	1	1	1	1570.77379996732	1
FOSB	1	1	1	116.936795204139	1
FOXN3	1	81.4562076221658	1	106.183372426446	1
FPR1	1	1	1	208.215269017055	1
FUNDC2	1	1	76.9243812626643	1	1
FUOM	1	1	1	124.504604966554	1
FXR1	1	1	1	1	74.978740254304
FYN	1	165.041201231876	1	51.9984940427471	194.171550169318
G3BP2	1	83.9026903846953	129.969809734147	64.0230767698161	1
GABPB1	172.366012988776	66.4729019738447	249.756763934015	1	1
GBP1	1	90.981078271393	1	226.757578708736	1
GBP2	1	97.4618988219234	1	203.190187607193	1
GBP4	1	1	1	125.663640783435	1
GBP5	1	1	1	131.92147992561	1
GCA	1	1	1	175.983963463842	1
GEMIN7	1	1	1	1	98.7091342643772
GGA1	123.934406256349	1	128.79867412443	1	1
GGA2	85.3666072835548	1	78.1883292313202	1	1
GGNBP2	1	1	84.8273333571138	47.9511476007734	94.1406406706078
GIMAP1	1	106.185822833557	1	71.9536525751401	133.140964766929
GIMAP2	1	87.4228293006026	1	76.4859580348149	1
GIMAP7	1	493.117429683011	1	107.846157892359	534.951394665404
GK5	1	1	1	1	89.2472108874068
GLO1	121.794022882412	1	176.049870994562	1	1
GLRX3	1	1	72.879517212256	74.1008301796649	1
GLRX5	1	70.883107742855	1	57.4853310426233	1
GLUL	1	1	1	129.337832798752	1
GNAI3	1	1	1	84.4625712489269	1
GNAQ	1	1	1	112.348661979349	1
GNB1	1	1	1	109.849612848196	1
GNG2	1	87.7419305455559	1	1	176.743811897954
GNG7	92.1563627122	1	1	1	1
GNLY	1	1977.66627063501	1	1	10830.6966017047
GNPTAB	1	1	1	1	156.935803342292
GNS	1	1	1	92.4355829860581	1
GOLGA7	1	1	1	1	92.9935424151294
GPBAR1	1	1	1	87.1714107046175	1
GPR65	1	1	1	56.6973788838991	82.7298495464289
GRINA	1	1	1	129.836212117593	1
GSAP	1	1	1	1	88.6759934372559
GTF2B	1	1	79.6997375650196	1	1
GZMA	1	1021.42236092539	1	1	1915.57024722726
GZMB	1	366.98418939381	1	1	2572.54861455859
GZMH	1	937.539749001082	1	1	803.062843351661
GZMK	1	719.896574426247	1	1	1
GZMM	1	353.7016727939	1	1	436.159764807341
H2AFJ	1	1	88.2753174694452	70.6622984105211	1
H2AFY	1	1	1	242.029400707301	61.4986227731233
HACD4	1	1	1	142.673401480635	1
HADHA	1	1	74.1904425277563	82.7804639207298	1
HCK	1	1	1	193.824064348568	1
HDDC2	1	82.9699089532533	1	1	137.247121655125
HECTD1	1	1	72.6824406783028	1	1
HERPUD2	1	1	1	1	117.610636481746
HHEX	81.1703109303541	1	1	71.1555576812547	1
HIBCH	137.108864150266	1	100.843430741486	1	1
HIF1A	1	1	1	97.7982778764875	1
HIST1H1C	1	1	114.813443894138	1	1
HLA-DOB	126.564194877295	1	132.387586472045	1	1
HMHA1	1	1	1	86.3120423505504	63.210826680838
HMOX1	1	1	1	86.4406335643908	1
HMOX2	1	76.9237922283098	1	1	117.231658069916
HNMT	1	1	1	122.692190031524	1
HNRNPL	1	1	1	91.3140439216125	1
HOPX	1	214.862545638948	1	1	879.586895069354
HRK	192.264719113347	1	267.608197748132	1	1
HSPA4	1	1	97.2207875966279	1	1
HSPA9	1	1	1	1	89.0172224218356
HVCN1	228.805575302458	1	135.854464648209	1	1
ICAM2	1	1	1	81.3106784492366	115.084679886821
ID2	1	429.670851164343	1	172.282146769417	1088.3026568195
ID3	442.427512369396	1	386.112230410756	1	1
IDH2	1	152.004456025369	1	59.1268089577249	118.269895148466
IDH3G	1	1	1	65.3850570359917	104.190252125704
IDI1	1	1	92.8204150569217	1	85.6180473700365
IDS	1	73.3557456948476	1	55.7777721949759	1
IER3IP1	1	81.4874825476228	1	1	125.905716180161
IER5	1	1	1	131.706135936905	1
IFI30	1	1	1	361.691242225708	1
IFI6	1	1	1	148.118457995064	121.225689094734
IFITM1	1	201.564896158216	1	1	380.39040663824
IFITM2	138.429569269251	617.079474204961	115.002561479467	707.512607881622	2205.56477786153
IFITM3	1	1	1	943.845399901106	305.310412483166
IFNAR2	1	1	93.7898120833262	65.2966569880263	1
IFT57	311.874463255523	1	273.970385000648	1	1
IGFBP7	1	1	1	1	258.939509616431
IGHA1	376.201175457406	1	225.3840178509	1	1
IGHD	171.07457663649	1	182.231713870997	1	1
IGHG1	369.06508757129	1	317.151465457235	1	1
IGHG2	152.092993918127	1	181.567767571086	1	1
IGHG3	209.049127963958	1	248.731446380715	1	1
IGHM	4739.87333912922	286.732315492625	4331.38118138565	143.313113101905	414.974808896165
IGLC2	5569.83089994624	282.818736925618	6742.8210224748	176.543629947642	636.216616855731
IGLC3	3500.82919859026	144.712714184013	4037.96394018707	1	376.51473588715
IGLL1	261.229116718803	1	200.335172498144	1	1
IGLL5	412.006810581427	1	371.522413142404	1	1
IGSF6	1	1	1	172.671436073593	1
IKZF3	143.02315187539	1	88.704923581144	1	114.479456780961
IL10RB	89.4054908856912	1	1	83.0886792577419	1
IL17RA	1	1	1	83.137468764206	1
IL1B	1	1	1	107.895782010201	1
IL2RB	1	1	1	1	235.393071053018
IL32	1	2267.0641045557	1	1	971.519177279767
IL4R	166.157592156675	1	140.295839967416	1	1
IL7R	1	184.541797947764	1	1	1
ILK	1	1	1	82.6992049950297	1
INPP5F	1	1	72.2458906094193	1	1
IRF2	1	1	1	73.622940693657	129.966137912294
IRF2BP2	1	1	1	153.366647344886	1
IRF8	201.611056163045	1	252.538944561347	59.5432958635876	1
IRF9	1	72.9012780796975	1	1	1
ISCA1	1	1	92.8809193710861	1	72.2813059312802
ITGAE	100.818340763656	1	169.40864835839	1	1
ITGAL	1	94.1212848189017	1	1	131.247817362668
ITGB1	1	138.123262765508	1	1	98.3407289363044
ITGB7	1	78.9766370237207	1	1	1
ITPA	1	1	83.9335389017625	1	1
JAML	1	1	1	293.522105870045	1
JCHAIN	393.157139365162	1	497.876101750076	1	1
JMJD1C	132.362128401256	1	111.470811328294	75.2806795132364	1
JUN	1	1	404.680335752662	1	1
KCNE3	1	1	1	106.920614248906	1
KCNK9	1	1	90.7707093925982	1	1
KCTD12	1	1	1	234.247589531393	1
KIAA0125	216.834262201099	1	190.521354809668	1	1
KIAA0226L	266.791904938394	1	124.869810606549	1	1
KIAA0930	1	1	1	89.2476209499503	1
KIAA1143	1	1	110.066287305952	1	1
KIAA1551	1	1	1	68.6583246877074	72.5828625609011
KIF5B	1	1	96.5301747137368	56.3311807206176	1
KLF10	1	1	1	83.4277701887855	1
KLF13	1	1	1	100.608592099708	1
KLF4	1	1	1	173.763134883349	1
KLRB1	1	192.036526417613	1	1	1761.44357937051
KLRC1	1	1	1	1	91.2058833310633
KLRD1	1	154.283493931172	1	1	806.528811902674
KLRF1	1	1	1	1	931.754173034684
KLRG1	1	182.825277871367	1	1	134.568550330451
KRCC1	102.102514278965	1	1	1	1
LACTB	1	1	1	92.6970906829045	1
LAMP1	1	1	1	88.2139065199711	126.367688004733
LAMP2	1	1	1	92.8334687991308	1
LAP3	1	1	1	335.152591353035	1
LASP1	1	1	1	98.7575004813599	1
LAT	1	183.931455554799	1	1	1
LAT2	1	1	1	124.378808826001	1
LCK	1	245.238267550145	1	1	184.34739872862
LCP2	1	76.5425999429595	1	109.193708077652	1
LEPROT	1	1	1	89.1725508132243	1
LEPROTL1	1	162.427714736335	84.8338024993362	89.6157619265328	1
LGALS2	1	1	1	1011.56343320062	1
LGALS3	1	1	1	220.93188019987	1
LGALS9	1	1	1	146.089893526997	1
LILRA1	1	1	1	102.591492802288	1
LILRA2	1	1	1	103.748562621135	1
LILRA5	1	1	1	110.256274859422	1
LILRB2	1	1	1	172.192533350487	1
LILRB3	1	1	1	141.789976404761	1
LINC00116	1	72.6160791267463	1	53.1488212478682	135.168147154766
LINC00657	1	1	1	97.7744852961656	1
LINC00861	1	88.6850527659808	1	1	132.840689094128
LINC00869	1	109.660337761404	1	1	181.446241824533
LINC00926	213.980438759583	1	237.10298998667	1	1
LINC00936	1	1	1	345.453908178861	1
LINC00998	80.4470834256658	1	1	1	1
LINC01272	1	1	1	314.69659549847	1
LINC01480	119.968636314608	1	120.727561895439	1	1
LINC01481	1	1	87.4635313473933	1	1
LIPA	1	1	1	129.590892697194	1
LLPH	1	1	85.9418582681874	83.6460752872273	1
LMBRD1	85.7728853545823	1	1	1	1
LMO2	1	1	1	83.3793840618071	1
LMO4	1	1	1	92.9363605649836	139.798994353584
LRMP	162.122390858586	1	146.611789352992	1	80.4290945771984
LRP10	1	1	1	1	106.491156134799
LRPAP1	1	1	1	62.9637479315948	110.811522709468
LRRC25	1	1	1	104.198702262908	1
LRRK2	1	1	1	196.129474732315	1
LST1	1	1	1	2404.51189325549	1
LY96	1	1	1	259.008525402789	1
LYAR	1	430.914104862976	1	1	185.152913055321
LYL1	82.6525356952655	1	1	96.0082485882616	1
LYPLA1	1	1	75.8195615639053	1	1
LYRM2	1	1	97.4643887931941	1	1
LYSMD2	1	1	1	123.657719984729	1
LYST	1	1	1	207.610300833272	136.619748915899
LYZ	1	1	1	13065.7355797989	1
MAD1L1	1	1	109.123629335666	1	1
MAFB	1	1	1	108.637521421732	1
MAGED2	80.2293506646334	1	1	1	1
MAGEF1	1	1	83.39327385243	1	1
MANF	1	111.725797498458	1	1	201.274586714237
MAP3K8	1	1	1	60.4529723186758	87.2185852847847
MAPK1	1	1	1	102.764479693194	107.929434158584
MAPK1IP1L	1	1	108.112579162273	1	69.0018709663663
MAPRE1	1	1	1	1	96.7983367272834
MARCKS	1	1	1	291.033267447275	1
MARCKSL1	1	1	1	90.1049938042793	1
MATK	1	76.3075041231038	1	1	168.685301951822
MBD2	1	1	1	110.054281793623	1
MBD4	82.8090516653278	1	1	1	1
MBP	1	102.155035973531	1	52.4155500372263	116.498896509569
MCL1	1	101.686507647529	1	401.443331042236	1
MECP2	1	84.6844591496835	1	1	86.289518364642
MED28	1	1	1	90.9781735068909	117.07621704646
MED30	1	1	216.801078016869	63.1154814335168	84.835582989178
MESDC2	1	1	1	1	98.406811434735
METTL5	83.1787047724155	1	83.6920653938096	1	1
MFF	1	1	72.0524116358631	1	1
MFSD1	1	1	1	117.818196662188	1
MFSD10	1	1	1	1	107.653961568659
MGAT1	1	1	1	157.825482504658	1
MGAT4A	1	1	1	1	94.2369002680062
MGST1	1	1	1	102.519828154176	1
MGST2	1	1	1	78.2634129426485	1
MGST3	1	112.577230624142	1	44.1718648358941	75.3870850464574
MIDN	1	1	1	95.3583429243956	110.702377205997
MIF4GD	89.855481866503	1	119.544652824102	1	1
MIR155HG	232.026050579905	1	431.080099487385	1	1
MITD1	89.6992754363926	1	1	1	1
MKKS	1	1	1	96.8898314734653	97.0250328760584
MKRN1	1	1	1	91.2807401106112	1
MLF2	1	1	1	65.1991979856469	74.9288292848524
MMP24-AS1	1	1	1	103.430076900828	133.357508796284
MNDA	1	1	1	850.437030149146	1
MPC1	1	1	1	96.3678046938942	1
MPEG1	1	1	1	511.964140531921	1
MPG	86.6066984687021	1	97.1725157544923	63.4190676686816	1
MPLKIP	109.449000180451	1	1	78.3798916475995	72.8207738060029
MRPL18	83.7009989038776	1	1	46.4003927009623	1
MRPL21	1	1	76.5164980101197	1	1
MRPL22	1	81.087033145275	1	1	1
MRPL27	83.5898666956737	1	84.2063122520864	46.0589551446794	1
MRPL43	1	78.9411691086336	1	1	1
MRPL53	1	1	1	100.508168422229	1
MRPS12	1	1	1	84.3095884516603	1
MRPS18B	83.8866610722173	1	1	1	1
MRPS18C	113.492044173046	73.8056935526383	1	59.936196940136	1
MRPS23	89.7317787257498	1	1	1	92.7068617630223
MRPS33	78.0904216412553	79.1266978908089	1	1	1
MS4A1	172.33684163864	1	172.836320182318	1	1
MS4A6A	1	1	1	454.542229867741	1
MS4A7	1	1	1	153.352727343621	1
MSI2	111.535925693915	1	123.664664094269	1	1
MSL3	1	1	1	73.1476700610841	1
MSRB1	1	1	1	95.4277509823777	1
MSRB2	1	1	1	79.8367528333519	1
MT1E	1	103.270182724499	1	1	1
MT1F	1	80.9461101582032	1	1	1
MT1X	1	150.143829435618	1	129.785881872116	77.1239122991997
MTIF3	108.343229654982	72.8271410948659	1	79.3339314413472	1
MTSS1	89.2524195492555	1	106.744623587265	1	1
MVP	1	1	1	79.7798944097311	1
MYADM	1	1	1	114.807432842733	1
MYL6B	100.076404317565	1	77.0964684007281	1	1
MYO1F	1	182.965597574213	1	206.021723969642	360.94930395965
MYO1G	1	86.1366671980032	1	70.1657591596749	1
MZB1	312.324579553651	1	290.971683937523	1	1
N4BP2L1	1	1	83.3390469269592	59.5999748070133	73.8675441575398
NAA20	1	1	1	86.5152496864764	1
NAAA	1	1	1	106.240726792586	1
NAIP	1	1	1	83.3425609607912	1
NAMPT	1	1	1	188.835778401127	1
NAP1L4	1	74.4871944788842	1	1	1
NAPA	1	1	1	51.1619859923631	112.451496693493
NAPRT	1	1	1	123.410902570142	1
NASP	1	1	81.0846705823837	1	1
NCBP2	1	1	71.4494097149035	1	1
NCF2	1	1	1	241.086325535347	1
NCOA3	91.9301900624609	1	91.2449145447208	1	1
NCOA4	1	1	1	115.325053453187	1
NCR3	1	1	1	1	151.516928134505
NDUFA10	1	1	70.8890980872452	1	1
NDUFA7	1	77.5198413286048	1	102.540085054973	1
NDUFS3	88.8755253978276	1	70.8553827719705	1	1
NDUFV3	1	1	1	107.109728559682	1
NEMF	99.5041707414357	1	75.7077947726198	1	1
NFKBID	1	1	114.248820335914	1	1
NFKBIZ	1	1	1	240.583967148209	1
NFU1	80.1492764989195	1	73.550335242257	1	1
NHLRC3	80.5545900869504	1	1	49.7634552657121	1
NINJ1	1	1	1	105.702537617642	1
NKG7	1	3002.02732250483	1	1	6879.78154922437
NME1	1	1	97.0108125092525	1	1
NMI	1	1	1	132.679218480084	1
NOP58	1	1	77.6239518668026	1	1
NOTCH2	1	1	1	113.466541011455	1
NR3C1	1	1	85.9403734896215	63.3137989024053	1
NSD1	88.7698765227856	1	1	1	88.1513709616926
NSMCE1	225.782567678879	83.9611840200999	197.143013539172	1	1
NSMCE3	85.9159853117372	1	130.867435570616	1	1
NSRP1	1	1	87.737188118423	1	95.1125618878073
NUB1	1	1	1	1	70.4051484756198
NUBP2	1	1	1	1	71.3245572479484
NUCB2	1	96.5546543079026	1	1	105.613869386942
NUDCD2	82.741717991654	1	1	1	111.796217530943
NUDT1	1	1	90.53764296465	56.2095701828595	97.999623340143
NUDT16	1	1	1	84.8448059955693	1
NUDT5	76.2208512605822	1	1	1	1
NUMB	1	1	1	140.824436496327	1
NUP214	1	1	1	240.108604121989	1
OAS1	107.155795014467	1	74.2776876612343	62.2939492196493	1
OAZ2	1	1	1	110.592103652071	1
ODC1	1	1	89.1237105235916	1	1
ODF2L	1	1	1	1	102.087063189818
ODF3B	1	1	1	142.835918676174	1
OGFRL1	1	1	1	135.702164816669	1
OPTN	1	96.4764069166244	1	1	90.9320009489747
ORAI1	1	79.4660581742083	1	1	97.6461462041328
ORAI2	385.643279633666	1	372.717140180504	1	58.7950555034621
ORMDL2	98.6555222112986	1	1	1	1
OSER1	1	1	79.9635691893958	1	1
OTUB1	1	1	1	56.5169732795899	89.7205226900509
OTUD6B-AS1	118.485915322675	1	1	1	1
OXA1L	1	1	1	99.1082483577377	1
OXLD1	100.985302005848	1	69.9570034515062	1	1
P2RY13	1	1	1	104.37642533801	1
PABPC4	1	1	1	85.9855056212461	1
PAK2	1	1	85.2827044167492	155.46130863998	1
PARP1	166.832318221992	74.2195966804569	145.119934553587	1	1
PARP14	1	1	1	115.166448229349	1
PARP9	1	1	1	82.2009830374394	1
PARVG	1	1	1	90.897104654122	1
PATL2	1	80.8618465052609	1	1	1
PCDH9	218.524355380762	1	108.678984339057	1	1
PCF11	1	1	1	60.2027750477149	76.656060584461
PCGF5	1	1	114.594335294086	137.067283805693	1
PCIF1	1	1	104.211225154714	1	1
PCM1	106.091048448075	1	85.5442949911497	1	1
PCSK7	1	154.023714844075	1	1	178.202015613942
PDE4B	1	1	177.16011224341	1	1
PDLIM1	140.70614364096	1	144.488290083275	1	1
PDLIM2	1	1	1	90.183827881261	1
PECAM1	1	1	1	107.689515243955	1
PGD	1	1	1	154.181478351113	1
PGP	1	1	1	1	126.048774244632
PHACTR1	1	1	98.3638421862235	1	1
PHF11	1	1	1	1	95.6960053108773
PHF14	85.8774178406798	1	1	1	1
PHF20	1	72.4166218763835	1	1	1
PHF5A	1	1	75.9250029016575	1	1
PIAS1	1	1	1	81.8127458561604	1
PICALM	1	1	1	90.610239194653	1
PIGR	137.762055853022	1	165.057090841395	1	1
PIK3AP1	1	1	1	114.625772404235	1
PIK3R1	1	1	1	1	107.295863905077
PILRA	1	1	1	154.662538854481	1
PIM1	1	1	108.268839901324	1	88.5442925983032
PIM2	154.791019682299	1	161.302232449433	1	87.7784775465728
PIP4K2A	1	92.6699144757043	1	1	224.129621160096
PKIG	1	1	96.3062691564923	1	1
PLA2G16	1	1	1	76.0350531245842	185.914861243417
PLAC8	1	176.624498987084	1	504.848970975742	1046.76141711918
PLBD1	1	1	1	148.966395125405	1
PLEK	1	120.902112881713	1	193.40412789156	358.330537381291
PLEKHA2	144.034588890555	1	102.26569547174	63.5437506471096	1
PLEKHO1	1	1	1	268.440155623977	1
PLSCR1	1	1	1	151.528096770812	1
PLXDC2	1	1	1	89.1623686918481	1
PMAIP1	172.900798866876	1	949.766354259992	1	106.590342263145
PMF1	80.7682398666546	1	115.064045316006	1	1
PNOC	89.8768485038827	1	93.1368267552889	1	1
PNRC2	124.53715220088	1	79.1889911736472	1	1
POP4	1	1	1	1	101.943271866801
POP5	78.3059948183288	1	76.9092033919544	1	1
POU2AF1	82.7211561867508	1	88.4398919872563	1	1
PPA1	1	144.692556054907	1	135.785818761884	1
PPHLN1	104.313840848491	92.4017835382905	138.166022597702	1	1
PPM1G	1	1	1	1	76.856526375777
PPM1K	170.233714618642	1	131.792124601663	1	1
PPP1R12A	1	77.8543601990478	1	1	87.6750299770774
PPP1R14B	1	1	105.055795136301	1	1
PPP1R15A	1	1	175.631268332278	110.742870616458	1
PPP1R18	1	141.66921887942	1	112.139320913897	191.834906104391
PPP1R7	1	86.2140893141832	1	1	1
PPP2CA	1	1	107.469819018516	1	1
PPP3CC	1	1	77.6094763232537	1	1
PPT1	1	1	1	206.291364478352	1
PQBP1	1	1	79.0128848003599	1	1
PQLC3	1	1	1	88.7956792674749	1
PRAM1	1	1	1	106.740178784009	1
PRDM1	1	1	1	1	88.3219660714615
PRDM2	91.9808444033359	1	176.042102352546	1	62.6347495908292
PRDX2	1	145.726085972651	1	1	116.515069449742
PRF1	1	183.193613456041	1	1	878.309698567024
PRKAG1	1	1	1	1	84.6843562839068
PRKCH	1	86.9851788383809	1	1	92.0531242797938
PRSS23	1	1	1	1	211.629565018812
PSAP	1	1	1	1444.95707115518	128.165222405966
PSMB4	1	1	1	104.612369115407	101.55342063975
PSMC1	1	69.0569871814083	1	83.8869250856365	1
PSMC3	1	79.825194087272	78.1907817947089	1	1
PSMD14	1	1	1	1	75.1136382398263
PSMF1	1	1	1	47.1273479088518	54.6646228121436
PSTPIP2	1	1	1	91.0880013451226	1
PTEN	1	1	1	101.858924993941	1
PTGDR	1	1	1	1	101.786981482077
PTGER2	1	1	1	1	105.849684735512
PTK2B	1	1	1	101.693282862589	1
PTPMT1	1	1	72.007561497612	57.3876887275701	1
PTPN12	1	1	1	1	106.869157201517
PTPN18	1	1	1	92.0090157634038	91.0043167063279
PTPN4	1	95.0047291297121	1	1	241.247331597692
PTPRA	1	1	1	1	104.181802867549
PTPRE	1	1	1	177.985037127596	1
PUF60	90.0945954054596	1	102.96719632707	1	1
PYHIN1	1	111.691388107948	1	1	258.074077978401
QKI	1	1	1	106.237873349148	1
QRSL1	215.838886574415	1	133.440211467375	1	1
RAB10	1	1	1	139.36997187341	1
RAB11FIP1	1	1	129.414989764915	105.57603253259	1
RAB18	1	1	1	78.7711708295344	1
RAB1A	1	1	1	136.330052216807	1
RAB27A	1	1	1	77.8455190835764	1
RAB29	1	1	1	1	104.086400060661
RAB31	1	1	1	89.3828593179874	1
RAB32	1	1	1	136.016625368833	1
RAB37	1	1	1	1	83.9176592722669
RAB8A	1	1	1	81.0564119231086	1
RABGAP1L	1	1	91.3038417345665	1	1
RAD21	87.5283709870638	1	88.5135793727313	1	1
RAD9A	1	1	1	1	102.823321003375
RALBP1	99.2134476694069	1	79.5265132240408	1	91.2103785227029
RALGPS2	155.971670597941	1	101.444887945818	1	1
RANGRF	1	1	1	1	82.7732165327325
RAP2B	1	1	1	78.3089629050149	100.441269438931
RARRES3	1	637.828083346399	1	316.401828956098	683.679741952889
RASGRP3	1	1	93.4451819181903	1	1
RASSF1	1	1	1	1	123.583270908221
RASSF2	1	1	1	84.1222176507018	1
RASSF3	1	1	1	90.9481888138906	1
RASSF5	1	1	1	82.755648771081	1
RB1	1	1	76.0599058971659	64.2117204215136	1
RBBP6	1	1	92.0301835347235	1	1
RBM17	113.274037934165	1	130.157675129739	1	99.5216207826872
RBM23	98.6095079887201	1	130.684246189058	1	100.00046165225
RBM38	125.681498461148	1	166.180259406058	1	104.941473940561
RBM6	81.9673093282341	1	1	1	1
RBMS1	1	1	1	96.95592652242	77.071525448111
RBP7	1	1	1	169.063355052656	1
RBPJ	1	1	1	82.9323442659925	1
RCN2	1	1	1	1	56.0016421208468
RGCC	1	1	256.195518902831	1	1
RGS1	1	1	477.790814116297	1	1
RGS18	1	1	1	126.177781605546	1
RGS19	1	1	1	133.300103522138	91.1811370523594
RGS2	1	1	770.9205432801	299.706775562166	1
RHEB	1	69.9705097070198	1	85.652316110913	1
RHOB	1	1	138.429971931365	1	1
RHOF	1	119.529516931651	1	1	96.9442036128034
RHOQ	1	1	1	96.2809726856162	1
RIC3	181.60062023684	1	157.087589977134	1	1
RILPL2	1	1	1	83.61612932637	1
RIN3	1	1	1	88.5024374197162	1
RNASE6	83.2513334786075	1	1	123.921484734815	1
RNF126	1	84.6509226969517	1	1	151.135854594343
RNF13	1	1	1	103.974306471942	1
RNF130	1	1	1	267.477380323536	1
RNF145	1	89.4812954579732	120.924363282226	1	1
RNF149	1	1	1	163.636636790263	1
RNF166	1	1	1	78.4512720849589	1
RNF167	1	116.071771732211	1	1	110.195606090311
RNF41	1	1	147.866556056648	1	1
RNF5	1	1	1	1	68.5916987200724
RNMT	1	1	153.622376722903	64.5740138164129	1
RNU12	1	1	185.822792686487	1	1
RORA	1	90.3043203137246	1	1	149.36888586874
RP11-108M9.4	121.802383708518	1	82.3245261423224	1	86.037298869507
RP11-138A9.2	1	1	86.7798914114647	1	1
RP11-297B17.3	106.800709633969	1	1	1	1
RP11-347P5.1	1	1	1	84.7340134852848	1
RP11-428G5.5	1	1	96.1204116180137	1	1
RP11-51J9.5	1	93.036111704437	1	1	1
RP11-693J15.5	214.101657438949	1	142.280330221594	1	1
RP11-796E2.4	131.501742414221	1	171.281168551609	1	1
RP11-81H14.2	1	1	1	1	96.449738174814
RP6-159A1.4	1	1	1	80.7810954741736	1
RPAIN	98.7889526994719	1	93.5001616994535	1	1
RPF1	1	1	85.1964315281546	1	65.2850194123768
RPN2	1	66.4507593068886	1	51.8534140053098	1
RUNX3	1	100.801268253735	1	1	103.566137587814
RXRA	1	1	1	84.6814984978845	1
S100A12	1	1	1	1779.74054312472	1
S100A8	1	1	1	15295.5130525755	1
S100A9	1	1	1	17300.7614877289	1
S100B	1	1	1	1	369.329385192445
S1PR4	1	98.2015945396685	1	49.3053699296415	1
SAMD3	1	116.66969646429	1	1	131.853918841036
SAMD4A	1	1	1	93.0305820622522	1
SAMHD1	1	1	1	243.291690148384	1
SAP30BP	78.6827992085586	1	1	1	1
SAR1A	1	71.7649597703915	1	77.6995159395667	124.830364548857
SASH3	1	68.1219642941659	1	61.1251993479727	129.606587532725
SAT2	1	1	1	139.767882914867	1
SBDS	1	86.2041075093638	255.791970370048	1	1
SBF2	114.497398513149	1	1	1	1
SCIMP	131.887610055716	1	71.6246263708179	127.385632930638	1
SCO2	1	1	1	184.100633635768	1
SCPEP1	1	1	1	139.656002576831	1
SDCBP	1	1	1	264.512695067766	1
SDF2	1	1	1	1	171.145090475614
SDF4	1	1	1	1	102.411307689842
SDHAF2	1	1	1	1	116.273452564916
SDHB	1	1	72.3268334552798	87.1733730357862	1
SECTM1	1	1	1	95.112747497794	1
SEL1L3	1	1	82.7307206637796	1	1
SELPLG	1	84.1865014692309	1	73.7056201704448	111.884283869817
SEMA4D	1	1	1	82.3587947401416	1
SEPT1	1	134.884733887071	1	1	118.814983168977
SERINC1	1	1	1	95.9265237340633	1
SERPINA1	1	1	1	563.165219826101	1
SERPINB6	1	1	1	99.8045707823702	1
SERPINB9	1	1	1	111.176817155946	1
SFT2D2	1	1	1	111.611503564532	1
SGK1	1	1	1	98.7295763442198	1
SH2D1A	1	92.8726835127812	1	1	1
SH2D2A	1	1	1	1	120.299200187576
SH3BP5	96.5129373712418	1	124.996369822824	1	1
SH3GLB1	1	1	1	110.857619923145	125.984408102803
SHISA5	1	88.7986539173031	78.9311190985605	1	151.336084173338
SIAH2	1	1	140.912192142465	57.647712710592	1
SIGIRR	1	118.282717432817	1	67.0240099203456	158.480725633239
SIT1	198.887587109481	116.369579738856	99.9256357911214	1	1
SKAP2	1	1	1	116.755655743529	1
SLC11A1	1	1	1	118.442207953365	1
SLC16A3	1	1	1	78.7193700912038	1
SLC7A7	1	1	1	160.455205424273	1
SLC8A1	1	1	1	72.7462327842415	1
SLC9A3R1	1	154.455592293287	1	1	203.036210427425
SMARCB1	271.209016038465	1	280.272019704433	1	1
SMARCE1	1	1	78.2024744902108	70.2862861538261	1
SMC3	1	1	72.6365299019513	1	1
SMCO4	1	1	1	175.781203593195	1
SMIM19	89.9994349051862	1	93.8842033233816	1	135.504964078671
SMIM7	88.8303088898515	1	81.7769040295734	1	1
SNAP23	1	1	1	112.204997340042	1
SNHG19	1	1	102.607086690094	1	1
SNHG7	192.325848678783	1	167.082788069008	1	1
SNRNP40	1	1	1	1	70.9596638460062
SNRNP70	1	1	78.1414122175139	1	1
SNRPA	1	1	73.4016696012708	1	1
SNRPA1	1	1	80.7237344862782	1	85.7413733663168
SNW1	1	1	1	50.6872900386113	77.4164552287949
SNX17	1	1	1	98.6067633419767	1
SOD2	1	1	1	556.141505729247	1
SORL1	1	1	1	101.496494127398	1
SP110	121.987402102923	1	1	84.6308310911154	1
SPCS3	1	1	1	135.260632690813	1
SPG21	1	1	1	122.394284786903	1
SPI1	1	1	1	450.262269483497	1
SPIB	224.4245954914	1	143.362381194694	1	1
SPINT2	114.382758809604	1	145.859941757015	1	1
SPN	1	123.40105831141	1	63.2349143673001	184.846979679198
SPOCK2	1	105.35802316727	1	1	1
SPON2	1	1	1	1	796.781890021062
SPSB3	1	1	1	1	101.926909313733
SPTLC2	1	1	1	89.7751773511324	1
SQRDL	1	1	1	123.888585517327	1
SREK1IP1	1	1	1	100.048690370479	1
SRM	1	1	81.0356938941289	75.2900714437927	1
SRP72	1	1	1	83.884807058053	1
SRPK2	1	1	1	1	52.6236740218387
SRSF1	97.3383528381768	1	1	1	1
SRSF4	1	1	1	57.9819675919901	104.645414983413
SRSF6	1	1	118.985859830573	82.8543696105769	77.2573458017911
SSBP4	1	117.086910486516	86.2606784273892	1	149.895341267141
SSH2	1	1	1	89.8549517921969	1
SSR1	1	1	1	102.995453464803	1
ST6GAL1	87.2158101312169	1	1	1	1
STARD3NL	1	1	1	1	220.812483780427
STARD7	1	1	75.8130486281147	69.6941487978033	1
STAT2	1	1	1	104.975181925818	1
STAT3	1	1	1	87.8193515265076	91.9905580051591
STAT4	1	1	1	1	133.517018760541
STAT6	1	1	1	78.813227897706	1
STIM2	141.188444244415	1	111.541604615597	1	1
STK10	1	1	1	44.4554343388817	81.3020089551227
STMN1	111.005776396669	1	124.467786227771	1	1
STOML2	1	1	72.4679069875964	1	64.6756264148446
STRA13	1	1	81.5907802570002	60.3329009471598	1
STRAP	1	1	85.6112832626377	1	91.9215861596387
STRBP	115.393136571272	1	102.498015504138	1	1
STX10	1	1	1	88.8261489503903	1
STX11	1	1	1	129.772249387113	1
STX7	254.309042376605	1	148.465686906477	51.0506194158192	64.0748362309639
STX8	1	1	1	71.9495249235233	62.2315080877685
STXBP2	1	1	1	593.069543529259	1
SUGT1	1	1	1	1	72.0318004771096
SULT1A1	1	1	1	89.5302927402798	1
SUN2	1	81.3667193439925	1	55.3602513556304	135.594453534638
SUPT3H	1	73.4943963378001	1	1	1
SWAP70	107.662104561382	1	73.5704932816774	1	1
SYAP1	1	1	78.7762557064063	1	1
SYNE1	1	1	1	1	76.8489698631622
SYNGR2	147.445331867105	1	185.795616999682	119.296308478283	1
SYPL1	107.32310443794	1	89.8030134583296	75.8253712072453	1
SYTL1	1	1	1	1	106.668467721151
TADA3	1	1	1	1	80.5826577310437
TAGAP	1	1	228.515457038121	1	88.4125407837024
TATDN1	83.1970784342536	1	82.2760958110601	1	1
TBX21	1	1	1	1	106.892618689619
TCEAL4	1	1	89.0767920524779	1	1
TCEAL8	1	1	1	1	140.91504487339
TCF4	273.041213610576	1	234.471673923311	1	61.1231063768296
TCF7	1	104.96011559641	1	1	1
TCL1A	2151.55097660218	92.9761328829856	1247.43941783071	1	225.793889784225
TECR	1	83.9477068177454	1	1	1
TERF1	1	1	1	1	92.5244366053021
TES	1	1	1	100.240697192925	1
TESC	117.193104605593	1	144.770419001239	59.252716135186	1
TEX264	1	1	1	1	128.269010313172
TFDP2	1	1	1	1	108.152976906102
TGFBI	1	1	1	111.98801017816	1
TGFBR3	1	1	1	1	97.4166093767095
TGOLN2	1	1	1	114.086093227086	1
THEMIS2	1	1	1	97.850566512278	1
THYN1	1	1	1	1	118.899783846166
TIFA	83.3341705137939	1	1	1	1
TIGIT	1	79.7026048160442	1	1	1
TIMP1	1	1	1	348.514922579744	1
TIMP2	1	1	1	113.621328397989	1
TINF2	1	1	1	1	87.7951233334551
TKT	1	1	1	413.754055973728	1
TLE1	1	1	94.3352949424836	1	1
TLR2	1	1	1	108.581417342286	1
TM2D1	1	1	75.4774610891356	1	1
TM2D3	1	1	75.6217328477109	1	1
TM9SF2	1	1	1	74.6394977614201	1
TMC6	1	1	1	1	89.6772318899776
TMED4	1	1	85.6597352892737	1	1
TMEM107	1	1	1	126.032769797109	1
TMEM126B	1	1	1	1	70.6849512185453
TMEM134	117.040272076953	1	119.584379437232	1	1
TMEM14C	103.084749089161	1	111.412916723271	74.6144965802193	1
TMEM154	86.7306378037965	1	1	102.345651311485	1
TMEM156	1	1	93.337563651823	1	105.729388984811
TMEM165	1	1	1	83.7656078436853	1
TMEM167A	1	1	1	169.121260357527	1
TMEM179B	94.2988760239289	1	1	103.857783841798	144.768890813488
TMEM205	1	1	1	125.445838719577	1
TMEM208	1	1	89.3532115006909	73.4803966168816	124.506093998234
TMEM60	88.4192768572718	1	1	1	1
TNFAIP2	1	1	1	161.250846705507	1
TNFAIP3	1	84.3609111847299	1	113.302122041851	1
TNFAIP8	142.994505835203	104.988305879656	92.0320179668084	1	1
TNFRSF13C	131.838480468274	1	157.065614390975	1	1
TNFRSF14	1	87.6247644981572	1	116.171608092894	1
TNFRSF1A	1	1	1	80.6206692950786	1
TNFRSF1B	1	1	1	195.386496501807	1
TNFSF10	1	1	1	272.431724465837	1
TNFSF13B	1	1	1	508.720749879032	1
TNNT1	1	1	1	94.2188511337838	1
TOMM5	1	78.0097526482463	113.282344803498	1	91.0849081547905
TOX4	1	1	78.3313661619823	1	105.883773631772
TP53TG1	1	1	1	1	117.274470032647
TPM4	1	1	1	80.6854633834912	80.3900438878249
TPP1	1	1	1	163.923672314863	1
TPRKB	81.4167181846364	1	1	1	94.3824783137024
TPST2	1	127.492614635342	70.8817561734358	1	209.261288484075
TRABD	1	1	1	1	87.4557662847994
TRAC	375.536635301091	1075.58453841576	215.263575188535	1	92.4304865448283
TRADD	1	86.7848892181894	1	1	1
TRAPPC3	1	1	1	1	105.134856222471
TRAT1	1	89.6391720960642	1	1	1
TRBC1	1	619.155401910812	1	1	714.172200707428
TRDC	1	1	1	1	899.9266046672
TRG-AS1	1	1	1	1	83.999459717018
TRGC1	1	88.5504973590203	1	1	138.561701914272
TRGC2	1	191.045095169691	1	1	1
TRIM22	1	1	1	124.636829430256	1
TRIM38	1	1	1	78.5200753785161	1
TRIM56	1	1	1	1	84.8713036675665
TRMT1	1	1	1	102.941610939069	1
TROVE2	1	1	1	1	96.0693765964367
TRPM4	1	1	122.636161511366	1	1
TSC22D3	178.852316971884	242.344054796482	1601.70805534304	168.374254624952	219.958796880738
TSC22D4	1	68.7966496215648	1	1	1
TSPAN14	1	1	1	82.1316338732257	1
TSPYL1	1	1	98.9052560568061	1	85.4225436961568
TSR3	1	77.9676012579298	1	55.5233345090952	122.256593200884
TSTA3	1	1	77.3624355917228	1	1
TTC1	1	1	1	1	101.876826594541
TTC19	1	1	1	1	108.272524241299
TTC3	90.7530690668352	1	86.4420000364542	1	1
TTC38	1	1	1	1	162.945110981902
TWF2	1	1	1	51.2474898661865	67.2797154376504
TXK	1	1	1	1	136.095754664847
TXN2	1	1	71.9947746421588	84.0981201389255	1
TYMP	1	1	1	1302.54391566344	82.1582060930917
TYROBP	1	1	1	4625.72198571515	1754.30090052515
U2AF1	1	1	98.0252973504778	1	56.7427842377807
UBALD2	1	78.5684277317678	272.583356246916	55.3366872989627	1
UBE2D1	1	1	1	125.551066208026	1
UBE2E3	80.5962449855733	1	1	1	1
UBE2F	1	1	1	71.5385269913251	193.557400040913
UBE2G1	89.1238013202249	1	91.9868829141771	1	1
UBE2J1	173.926571818159	1	212.319862396105	50.1971329982469	1
UBE2K	1	1	1	80.5198029761125	1
UBE2R2	1	1	1	152.736700376145	1
UBE2S	1	1	77.8864226697771	1	1
UFD1L	1	1	1	1	121.501513028234
UFM1	1	1	86.1180693303276	54.6766493338825	1
UGP2	1	78.7155780741833	1	55.7800990966776	125.316411748462
UPP1	1	1	1	78.0153933448954	75.2491773674478
UQCRC1	1	1	1	86.9610207685543	1
URI1	1	1	1	1	109.240552580963
USF2	1	1	82.1510821462331	1	1
USP3	1	1	1	91.8409359535517	1
USP8	85.8580919713514	1	1	1	1
UTRN	1	1	1	124.079790271031	1
UVRAG	1	1	77.8608997224739	1	1
VCAN	1	1	1	583.723693904218	1
VDAC3	1	73.7896650584723	1	1	1
VMA21	1	1	1	124.439943176252	1
VMP1	1	1	73.7960968883578	202.725498978769	1
VOPP1	189.326886163121	1	267.65754500011	1	79.4821050280577
VPREB3	514.881986482258	1	263.009500669155	1	1
VPS35	92.7379549680775	1	1	89.3671676463477	1
VPS4B	99.5169988859717	1	138.449154435879	57.4460587180285	1
VTI1B	1	1	1	77.4282313835112	108.715314524517
WARS	1	1	1	436.571863908131	1
WBP2	88.7452119925743	1	99.500455216517	1	1
WDR74	108.478981281356	1	332.091955183818	117.872726715225	64.8832910971409
WHSC1L1	108.872303832952	75.8690174565311	127.371758980372	1	1
XIAP	1	1	1	80.7494841576385	1
XRN2	1	1	1	96.4245292957186	1
YAF2	1	1	1	1	88.9678373256872
YBEY	1	1	100.592638307492	1	1
YBX3	396.864582661314	78.0840597880291	679.0262139067	194.624334707581	1
YME1L1	1	1	82.6675700559056	67.9865861231597	1
YTHDC1	95.0525262956392	1	71.1822967567041	1	1
YWHAH	99.2790189331223	1	152.644368649188	90.7897325624558	1
YY1	1	70.2194071817396	1	91.877991928388	145.064187944499
ZAP70	1	1	1	1	123.379279566445
ZBP1	1	1	1	1	80.786565178493
ZBTB7A	1	1	1	72.7888710305152	122.257444545522
ZC3HAV1	1	74.4735937241851	1	1	1
ZCCHC10	105.476721686651	1	157.082205122862	1	1
ZCCHC11	1	1	72.2601453164185	1	1
ZCCHC7	116.62323164079	1	130.199961985021	1	1
ZFAND5	1	1	1	153.831891178888	1
ZNF101	1	1	77.8080787983813	1	1
ZNF106	1	1	1	95.702009348697	1
ZNF22	84.4456121668373	1	1	1	1
ZNF428	1	89.3394108417851	73.027659974295	1	126.870994660079
ZNF655	1	1	1	76.12019755747	1
ZNF667-AS1	90.7928671899369	1	87.6267150775775	1	1
ZNHIT3	1	80.2943534719711	1	78.9003704440271	1
ZRANB2	95.6649939394755	1	1	1	1
ZSWIM7	1	1	1	76.6895047863561	1
ZYX	1	1	1	180.524116580408	1
