NAME	CLL	Tcells	Bcells	NKcells	Monocytes.Macrophages
VPREB3	0.941930251419303	0.0587755102040816	0.526674233825199	0.0733333333333333	0.268817204301075
KIAA0226L	0.504460665044607	0.0448979591836735	0.266742338251986	0.04	0.139784946236559
PCDH9	0.409083536090835	0.0391836734693878	0.214301929625426	0.00666666666666667	0.139784946236559
TCL1A	4.08288726682887	0.275918367346939	2.74982973893303	0.186666666666667	0.860215053763441
RP5-1171I10.5	0.590105433901054	0.27265306122449	0.256980703745743	0.566666666666667	0.526881720430108
SEC62	1.77664233576642	0.526530612244898	1.12077185017026	0.5	0.67741935483871
AIM2	0.209245742092457	0.0351020408163265	0.0905788876276958	0.0733333333333333	0.010752688172043
IGHA1	0.726196269261963	0.0685714285714286	0.508967082860386	0.0333333333333333	0.129032258064516
TMEM60	0.167396593673966	0.0595918367346939	0.0624290578887628	0.153333333333333	0.043010752688172
STX7	0.484509326845093	0.0677551020408163	0.317366628830874	0.166666666666667	0.161290322580645
ARHGAP24	0.788321167883212	0.0522448979591837	0.587514188422247	0.12	0.161290322580645
CD72	0.282238442822384	0.0220408163265306	0.177752553916005	0.0266666666666667	0.0967741935483871
CTD-2012K14.6	0.114679643146796	0.0146938775510204	0.0417707150964813	0.0266666666666667	0.010752688172043
AL928768.3	0.221735604217356	0.0163265306122449	0.132349602724177	0	0.032258064516129
QRSL1	0.400973236009732	0.0481632653061225	0.273552780930761	0.0733333333333333	0.118279569892473
LUC7L3	0.564963503649635	0.274285714285714	0.338706015891033	0.32	0.376344086021505
TPTEP1	0.109489051094891	0.0122448979591837	0.0401816118047673	0.04	0.032258064516129
SOWAHD	0.0656934306569343	0	0.0072644721906924	0.0133333333333333	0.032258064516129
CH17-373J23.1	0.373073803730738	0.076734693877551	0.190692395005675	1.74	0.150537634408602
HVCN1	0.445579886455799	0.0408163265306122	0.318728717366629	0.153333333333333	0.10752688172043
SPIB	0.433414436334144	0.0293877551020408	0.321679909194098	0.0333333333333333	0.0752688172043011
MARCH1	0.294566098945661	0.0228571428571429	0.186152099886493	0.513333333333333	0.0967741935483871
E2F5	0.158475263584753	0.0187755102040816	0.0871736662883087	0.0133333333333333	0.043010752688172
RP11-693J15.5	0.412489862124899	0.0179591836734694	0.310102156640182	0.0333333333333333	0.0645161290322581
SNX2	0.36220600162206	0.0873469387755102	0.238592508513053	0.28	0.150537634408602
CD180	0.0789943227899432	0.00244897959183673	0.0233825198637911	0.0533333333333333	0.032258064516129
SCIMP	0.263098134630981	0.0236734693877551	0.169807037457435	0.44	0.0537634408602151
GPM6B	0.0905109489051095	0.0408163265306122	0.0256526674233825	0.00666666666666667	0.032258064516129
SBF2	0.20470397404704	0.128979591836735	0.0967082860385925	0.16	0.161290322580645
PPP1R3E	0.107218167072182	0.0195918367346939	0.0469920544835414	0.02	0.0645161290322581
FCMR	1.12587185725872	0.188571428571429	0.923496027241771	0.08	0.397849462365591
DYNLL1	1.00746147607461	0.675918367346939	0.630874006810443	1.33333333333333	0.698924731182796
CD200	0.105109489051095	0.0106122448979592	0.0506242905788876	0.00666666666666667	0.021505376344086
LYL1	0.159772911597729	0.0302040816326531	0.0851305334846765	0.306666666666667	0.032258064516129
SIT1	0.390429845904298	0.250612244897959	0.244040862656073	0.0133333333333333	0.118279569892473
WDR66	0.0687753446877535	0.00897959183673469	0.0188422247446084	0.00666666666666667	0.010752688172043
LSM10	0.520843471208435	0.160816326530612	0.375709421112372	0.413333333333333	0.182795698924731
BCL7A	0.178426601784266	0.0220408163265306	0.114642451759364	0.04	0.0645161290322581
RALGPS2	0.304785077047851	0.0318367346938776	0.227922814982974	0.02	0.129032258064516
LL22NC03-2H8.5	0.0882400648824006	0.0106122448979592	0.0367763904653802	0.02	0
C14orf119	0.168856447688564	0.138775510204082	0.0667423382519864	0.173333333333333	0.204301075268817
RNASE6	0.169505271695053	0.0228571428571429	0.0967082860385925	0.373333333333333	0.0645161290322581
TNFRSF17	0.0974858069748581	0.0073469387755102	0.0483541430192963	0.00666666666666667	0
TRIM13	0.0991078669910787	0.0693877551020408	0.0304199772985244	0.04	0.10752688172043
CD24	1.03617193836172	0.073469387755102	0.905788876276958	0.0533333333333333	0.311827956989247
IL32	0.0175182481751825	4.86530612244898	0.0102156640181612	0.1	1.61290322580645
CCL5	0.0343876723438767	6.20408163265306	0.029738933030647	0.186666666666667	5.75268817204301
NKG7	0.0184914841849148	5.92408163265306	0.011577752553916	0.3	11.8064516129032
CD3D	0.0167072181670722	2.4269387755102	0.0108967082860386	0.0533333333333333	0.236559139784946
GZMH	0.00924574209245742	1.93224489795918	0.00408626560726447	0.0866666666666667	1.47311827956989
GZMA	0.0116788321167883	2.14857142857143	0.00635641316685585	0.02	3.34408602150538
GNLY	0.0218978102189781	3.93061224489796	0.0104426787741203	0.1	18.4408602150538
GZMK	0.0102189781021898	1.48081632653061	0.00635641316685585	0.04	0.150537634408602
CD8B	0.00389294403892944	1.17224489795918	0.00158910329171396	0.0266666666666667	0.043010752688172
CST7	0.0089213300892133	1.64408163265306	0.0220204313280363	0.0333333333333333	3.31182795698925
CD3E	0.0024330900243309	1.1134693877551	0.000681044267877412	0.02	0.376344086021505
TRBC1	0.0111922141119221	1.24081632653061	0.0138479001135074	0.0133333333333333	1.17204301075269
CD2	0.00421735604217356	1.07102040816327	0.0018161180476731	0.02	0.419354838709677
GIMAP7	0.00502838605028386	1.11836734693878	0.00113507377979569	0.413333333333333	1.05376344086022
RARRES3	0.0257907542579075	1.32244897959184	0.00590238365493757	1.01333333333333	1.24731182795699
CTSW	0.00632603406326034	1.07183673469388	0.0018161180476731	0.0133333333333333	1.86021505376344
AC092580.4	0.0024330900243309	0.898775510204082	0.000681044267877412	0.04	0.591397849462366
CD3G	0.0024330900243309	0.753469387755102	0.00113507377979569	0.0333333333333333	0.0967741935483871
ANXA1	0.00713706407137064	1.05551020408163	0.00522133938706016	2.16	0.849462365591398
MT2A	0.0603406326034063	1.71510204081633	0.0703745743473326	4.35333333333333	1.50537634408602
ID2	0.00454176804541768	0.866122448979592	0.00227014755959137	0.686666666666667	1.63440860215054
GZMM	0.00373073803730738	0.718367346938775	0.00158910329171396	0.00666666666666667	0.817204301075269
LYAR	0.035198702351987	0.915102040816327	0.039727582292849	0.0933333333333333	0.311827956989247
CLEC2B	0.0040551500405515	0.64	0.00227014755959137	0.506666666666667	0.67741935483871
GIMAP4	0.00356853203568532	0.608163265306122	0.00113507377979569	0.666666666666667	0.333333333333333
CD8A	0.00421735604217356	0.528979591836735	0.00158910329171396	0.0333333333333333	0.043010752688172
FGFBP2	0.00259529602595296	0.608979591836735	0.00204313280363224	0.02	2.08602150537634
GZMB	0.00746147607461476	0.710204081632653	0.00158910329171396	0.0666666666666667	4.58064516129032
C12orf75	0.00470397404703974	0.503673469387755	0.00136208853575482	0.0266666666666667	0.698924731182796
IL7R	0.00291970802919708	0.46530612244898	0.0018161180476731	0.0133333333333333	0.043010752688172
FYB	0.0040551500405515	0.606530612244898	0.00158910329171396	1.67333333333333	0.376344086021505
KLRG1	0.00437956204379562	0.398367346938776	0.00590238365493757	0	0.193548387096774
HOPX	0.00470397404703974	0.444897959183673	0.00272417707150965	0.0266666666666667	1.55913978494624
TRGC2	0.00097323600973236	0.371428571428571	0.00113507377979569	0	0.150537634408602
LAT	0.0056772100567721	0.376326530612245	0.00385925085130533	0.02	0.129032258064516
ITGB2	0.0118410381184104	0.483265306122449	0.0104426787741203	0.966666666666667	0.688172043010753
IFITM1	0.0124898621248986	0.41469387755102	0.0108967082860386	0.0533333333333333	0.645161290322581
AAK1	0.0173560421735604	0.422857142857143	0.0192962542565267	0.126666666666667	0.333333333333333
CMC1	0.0744525547445255	0.676734693877551	0.0581157775255392	0.1	1.72043010752688
ARL4C	0.0507704785077048	0.517551020408163	0.0404086265607264	0.113333333333333	0.655913978494624
CD7	0.00178426601784266	0.344489795918367	0.00158910329171396	0.0133333333333333	0.935483870967742
CCL4	0.0345498783454988	0.603265306122449	0.099205448354143	0.0933333333333333	1.97849462365591
KLRB1	0.00437956204379562	0.409795918367347	0.00204313280363224	0.02	3.02150537634409
PRF1	0.0097323600973236	0.364897959183673	0.00408626560726447	0.02	1.53763440860215
DUSP2	0.0256285482562855	0.486530612244898	0.0862656072644722	0.04	0.236559139784946
RGS2	0.0282238442822384	0.0857142857142857	1.52122587968218	0.913333333333333	0.268817204301075
RGS1	0.00535279805352798	0.158367346938776	0.914415437003405	0.0333333333333333	0.129032258064516
TSC22D3	0.357988645579886	0.507755102040816	3.23813847900113	0.453333333333333	0.56989247311828
CD69	0.230170316301703	0.38530612244898	2.06628830874007	0.0133333333333333	0.32258064516129
CXCR4	0.893430656934307	0.931428571428571	5.97048808172531	0.246666666666667	0.924731182795699
PMAIP1	0.320519059205191	0.16	1.91623155505108	0.14	0.258064516129032
JUN	0.105433901054339	0.142857142857143	0.853802497162316	0.173333333333333	0.0860215053763441
KLF6	0.257420924574209	0.477551020408163	1.6422247446084	2.12	0.344086021505376
BCL2	0.230494728304947	0.0971428571428571	0.993643586833144	0.0333333333333333	0.0860215053763441
JUND	0.179075425790754	0.182040816326531	0.918047673098751	0.473333333333333	0.354838709677419
RNU12	0.0287104622871046	0.0318367346938776	0.347105561861521	0.08	0.021505376344086
RHOB	0.0241686942416869	0.0122448979591837	0.31328036322361	0.166666666666667	0.021505376344086
YPEL5	0.177453365774534	0.213877551020408	0.832463110102157	0.373333333333333	0.21505376344086
KLF2	0.300729927007299	0.873469387755102	1.46742338251986	0.753333333333333	0.78494623655914
RGCC	0.127331711273317	0.118367346938776	0.587968217934166	0.04	0.10752688172043
DUSP1	0.0952149229521492	0.229387755102041	0.68671963677639	2.43333333333333	0.279569892473118
CD83	0.0832116788321168	0.0212244897959184	0.399318955732123	0.0866666666666667	0.0860215053763441
UBALD2	0.145823195458232	0.184489795918367	0.590238365493757	0.173333333333333	0.139784946236559
CNOT1	0.0741281427412814	0.117551020408163	0.395005675368899	0.16	0.21505376344086
SBDS	0.12360097323601	0.17469387755102	0.51305334846765	0.1	0.139784946236559
WDR74	0.195944849959448	0.116734693877551	0.634960272417707	0.36	0.182795698924731
TAGAP	0.122303325223033	0.125714285714286	0.458115777525539	0.06	0.21505376344086
PPP1R15A	0.0822384428223844	0.0742857142857143	0.361634506242906	0.313333333333333	0.0645161290322581
ETV5	0.00908353609083536	0.00326530612244898	0.157321225879682	0.00666666666666667	0.010752688172043
MED30	0.126845093268451	0.119183673469388	0.424971623155505	0.18	0.172043010752688
CTLA4	0.0210867802108678	0.0187755102040816	0.17639046538025	0	0.010752688172043
RAB11FIP1	0.0731549067315491	0.0351020408163265	0.289216799091941	0.273333333333333	0.0860215053763441
SNHG9	0.266342254663423	0.208979591836735	0.706015891032917	0.253333333333333	0.204301075268817
IQGAP1	0.128953771289538	0.217142857142857	0.494211123723042	0.993333333333333	0.376344086021505
DDIT3	0.0689375506893755	0.0391836734693878	0.264245175936436	0.02	0.021505376344086
EIF1	3.92587185725872	5.11918367346939	9.53189557321226	9.76	5.64516129032258
PDE4B	0.12522303325223	0.0587755102040816	0.366628830874007	0.0333333333333333	0.0752688172043011
CIRBP	1.15912408759124	1.00897959183673	2.55051078320091	1.04666666666667	1.13978494623656
CYCS	0.250608272506083	0.380408163265306	0.707377979568672	0.366666666666667	0.494623655913978
DUSP10	0.00502838605028386	0.0171428571428571	0.128490351872872	0.0266666666666667	0.010752688172043
MAP1LC3B	0.273479318734793	0.251428571428571	0.682179341657208	0.44	0.387096774193548
RP11-386I14.4	0.489213300892133	0.133877551020408	1.01021566401816	1.20666666666667	0.247311827956989
BBC3	0.0418491484184915	0.036734693877551	0.186379114642452	0.0733333333333333	0.0860215053763441
TRA2B	0.51970802919708	0.427755102040816	1.10760499432463	0.493333333333333	0.655913978494624
YBX3	0.750689375506894	0.18530612244898	1.38728717366629	0.566666666666667	0.247311827956989
ARL4A	0.0437956204379562	0.0514285714285714	0.188649262202043	0.113333333333333	0.021505376344086
PCIF1	0.059367396593674	0.0742857142857143	0.219069239500568	0.1	0.0967741935483871
PEBP1	1.17031630170316	0.402448979591837	2.06038592508513	0.166666666666667	0.56989247311828
RP11-77H9.8	0.029683698296837	0.0073469387755102	0.141203178206583	0	0.021505376344086
MRPL54	0.24963503649635	0.303673469387755	0.595005675368899	0.433333333333333	0.279569892473118
S100A9	0.0423357664233577	0.0881632653061225	0.000681044267877412	48.5133333333333	0.0967741935483871
LYZ	0.0304947283049473	0.0538775510204082	0.00204313280363224	39.0933333333333	0.0752688172043011
S100A8	0.0478507704785077	0.0987755102040816	0.000681044267877412	41.5066666666667	0.118279569892473
CST3	0.0072992700729927	0.0220408163265306	0.000908059023836549	9.9	0.0537634408602151
TYROBP	0.0556366585563666	0.0873469387755102	0.0267877412031782	14.5066666666667	3.16129032258065
FCER1G	0.0202757502027575	0.0163265306122449	0.0138479001135074	8.14666666666667	1.7741935483871
LST1	0.0496350364963504	0.0612244897959184	0.0304199772985244	8.56	0.010752688172043
FCN1	0.00454176804541768	0.00326530612244898	0.000227014755959137	5.39333333333333	0.032258064516129
S100A12	0.00421735604217356	0.00897959183673469	0	4.79333333333333	0.010752688172043
AIF1	0.13073803730738	0.0359183673469388	0.0740068104426788	8.40666666666667	0.0537634408602151
CSTA	0.00291970802919708	0.00408163265306122	0	4.02	0
FOS	0.0173560421735604	0.0530612244897959	0.0522133938706016	4.28	0.0752688172043011
LGALS2	0.0024330900243309	0.00244897959183673	0	3.02	0
IFITM3	0.00827250608272506	0.0718367346938776	0.00749148694665153	3.33333333333333	0.494623655913978
FGL2	0.00470397404703974	0.0122448979591837	0.00136208853575482	2.84666666666667	0.0537634408602151
MNDA	0.0032441200324412	0.0073469387755102	0	2.52666666666667	0
PSAP	0.11257096512571	0.144489795918367	0.145970488081725	4.78666666666667	0.21505376344086
TYMP	0.106407137064071	0.115102040816327	0.0978433598183882	4.17333333333333	0.150537634408602
SERPINA1	0.00064882400648824	0.00408163265306122	0	1.86	0
AP1S2	0.100567721005677	0.086530612244898	0.103745743473326	3.04	0.0537634408602151
VCAN	0.0016220600162206	0.00489795918367347	0	1.46666666666667	0
TNFSF13B	0.00665044606650446	0.00326530612244898	0.00522133938706016	1.48666666666667	0.032258064516129
S100A11	0.363990267639903	0.804081632653061	0.264018161180477	6.98666666666667	0.709677419354839
MS4A6A	0.00259529602595296	0.00571428571428571	0.000681044267877412	1.39333333333333	0
CD14	0.00097323600973236	0.00163265306122449	0.000227014755959137	1.30666666666667	0
CYBB	0.00535279805352798	0.000816326530612245	0.00340522133938706	1.31333333333333	0
CLEC7A	0.00113544201135442	0.00326530612244898	0.000454029511918275	1.19333333333333	0
WARS	0.0155717761557178	0.0204081632653061	0.0263337116912599	1.38	0.0537634408602151
BRI3	0.127980535279805	0.164081632653061	0.210669693530079	3.03333333333333	0.129032258064516
NEAT1	0.272830494728305	0.653061224489796	0.354143019296254	5.20666666666667	1.09677419354839
CLEC12A	0.00048661800486618	0.00163265306122449	0	1.08666666666667	0
MPEG1	0.0339010543390105	0.00326530612244898	0.0404086265607264	1.4	0.010752688172043
SAT1	0.321330089213301	0.491428571428571	0.748921679909194	6.56666666666667	0.387096774193548
GLRX	0.00356853203568532	0.231020408163265	0.00272417707150965	1.32666666666667	0.268817204301075
CFD	0.0507704785077048	0.0253061224489796	0.0265607264472191	1.42	0.010752688172043
DUSP6	0.0129764801297648	0.00244897959183673	0.0129398410896708	1.11333333333333	0.021505376344086
CARD16	0.121167883211679	0.453877551020408	0.0572077185017026	2.44666666666667	0.612903225806452
CEBPD	0.0040551500405515	0.0187755102040816	0.00272417707150965	1.04666666666667	0.225806451612903
NPC2	0.389456609894566	0.176326530612245	0.31850170261067	4.60666666666667	0.301075268817204
IFI30	0.0408759124087591	0.00816326530612245	0.0161180476730988	1.25333333333333	0
CFP	0.00097323600973236	0.0073469387755102	0.000227014755959137	0.966666666666667	0.010752688172043
LINC01272	0.00113544201135442	0	0.000227014755959137	0.94	0
KLRF1	0.00113544201135442	0.113469387755102	0	0	1.56989247311828
TRDC	0.00129764801297648	0.0930612244897959	0.000227014755959137	0	1.45161290322581
SPON2	0.010867802108678	0.0995918367346939	0.0154370034052213	0.0133333333333333	1.36559139784946
KLRD1	0.00535279805352798	0.298775510204082	0.00340522133938706	0.0266666666666667	1.47311827956989
FCGR3A	0.00275750202757502	0.0571428571428571	0.000681044267877412	0.853333333333333	1.18279569892473
CLIC3	0.00113544201135442	0.173877551020408	0.000908059023836549	0.0133333333333333	0.870967741935484
PLAC8	0.121330089213301	0.382040816326531	0.0329171396140749	1.70666666666667	1.76344086021505
IFITM2	0.266828872668289	1.25877551020408	0.258796821793417	2.32	3.67741935483871
CD247	0.00145985401459854	0.304489795918367	0.000454029511918275	0.0133333333333333	0.89247311827957
PTGDS	0	0.0073469387755102	0	0	0.526881720430108
EFHD2	0.0497972424979724	0.388571428571429	0.0735527809307605	1.20666666666667	1.11827956989247
S100B	0.00032441200324412	0.083265306122449	0.000454029511918275	0.0133333333333333	0.526881720430108
ABHD17A	0.0562854825628548	0.326530612244898	0.0699205448354143	0.12	0.795698924731183
HBA1	0.0032441200324412	0.0228571428571429	0.000227014755959137	0	0.387096774193548
IGFBP7	0.00064882400648824	0.00408163265306122	0	0.1	0.365591397849462
IL2RB	0.00129764801297648	0.0693877551020408	0.00476730987514188	0.00666666666666667	0.397849462365591
CCL3	0.0137875101378751	0.0114285714285714	0.131895573212259	0.553333333333333	0.602150537634409
PRSS23	0	0.0783673469387755	0.000227014755959137	0.00666666666666667	0.344086021505376
